id	mse	pear	spear	mseprom	msegene	mseenh	msevar	mse1obs	mse1imp	match1	catch1obs	catch1imp
C12M01	235.2021	0.6615	0.3355	2743.6299	286.7566	3373.4609	232820.7399	23282.3486	20290.2675	0.4383	0.7809	0.5891
C31M01	27.9465	0.5045	0.3416	198.5687	34.5756	319.6154	25687.9906	2529.2410	1597.9534	0.3684	0.6796	0.6068
C38M01	68.6452	0.5960	0.3315	386.8832	82.6801	1626.2434	24760.1723	6425.6436	4050.7831	0.4274	0.7995	0.6892
C12M02	352.2977	0.7789	0.3369	5536.2788	392.4789	2831.1074	17552783.1316	34595.1495	34222.0547	0.5360	0.7588	0.6703
C31M02	190.1138	0.5443	0.3801	4513.7796	320.7099	434.6417	719599605.9771	18458.1694	18474.9248	0.5438	0.7814	0.7305
C38M02	140.4065	0.5329	0.4086	2776.9101	219.8417	1413.0764	360980350.0275	13214.5801	13508.6551	0.5595	0.8556	0.7189
C06M16	109.2233	0.5363	0.2806	701.8235	149.6438	1707.4122	18567.8940	10773.6924	8031.3892	0.4524	0.9149	0.7755
C19M16	12.8998	0.3372	0.2666	188.3913	15.6948	87.3143	927.6261	1013.4930	1131.6080	0.3588	0.6230	0.5109
C22M16	185.9652	0.5762	0.2495	1834.4637	272.4502	1948.5969	11892.9930	18396.5153	14994.8956	0.4920	0.8528	0.6914
C31M16	1334.4888	0.5219	0.2592	13486.5555	1869.3378	10371.1859	101350.6930	133171.6014	122809.5162	0.5817	0.9600	0.7732
C39M16	173.9850	0.4229	0.2757	979.2306	216.9802	1104.3944	8987.3530	17227.1397	12426.2521	0.4661	0.9195	0.7046
C40M16	89.4684	0.4402	0.2976	550.2311	112.8214	1150.5305	15023.7611	8781.4528	7600.1723	0.4959	0.9441	0.7803
C51M16	62.6420	0.5745	0.3083	642.3519	87.0551	359.5267	3058.3008	6119.1004	5301.3177	0.4875	0.8622	0.7357
C05M17	1.1432	0.3855	0.2939	5.5123	1.4275	4.6631	88.0972	56.0765	57.3980	0.2385	0.4135	0.3486
C06M17	0.4891	0.4558	0.2871	1.2002	0.5263	1.3443	17.6087	14.8250	12.6728	0.3006	0.5239	0.5250
C19M17	1.2643	0.1877	0.2552	4.1818	1.4374	5.1170	105.6091	18.6776	62.8209	0.1133	0.2245	0.2218
C22M17	0.5058	0.2768	0.2314	1.1420	0.5484	1.3326	17.2220	12.3831	11.9682	0.1878	0.3191	0.3503
C28M17	0.8921	0.1855	0.2378	3.1360	1.0122	3.3807	92.8603	14.3123	48.6259	0.1083	0.2319	0.2222
C38M17	1.1012	0.4272	0.2000	4.3212	1.2182	4.7853	87.0404	61.8515	49.2881	0.2601	0.3852	0.3699
C39M17	1.7260	0.1195	0.2607	5.6357	1.9785	7.3951	146.0467	9.8107	93.9810	0.0565	0.1757	0.1554
C40M17	1.0934	0.2377	0.2730	3.9630	1.2185	3.6203	94.6533	32.0237	52.4465	0.1704	0.3200	0.3189
C51M17	1.7270	0.2000	0.2042	4.2325	1.6349	4.8188	67.3698	72.2080	43.6549	0.1121	0.2413	0.1992
C05M18	0.7703	0.4855	0.3311	1.1908	1.2465	0.6674	15.8894	28.6844	18.8230	0.3139	0.7059	0.6321
C06M18	0.5768	0.5935	0.3341	0.7178	0.9384	0.5317	8.7248	21.4018	13.0021	0.3505	0.7936	0.7466
C19M18	0.7306	0.5233	0.3472	1.2414	1.1765	0.5647	16.6780	24.6440	21.1918	0.3109	0.7581	0.6546
C28M18	0.9260	0.4507	0.3154	1.4889	1.5513	0.9665	18.6827	42.6815	22.4695	0.2212	0.6255	0.5754
C38M18	1.9462	0.4919	0.3509	3.8470	3.4435	1.4825	50.8639	131.8698	42.8754	0.2367	0.6998	0.6519
C39M18	0.6954	0.4164	0.3176	0.8195	1.0723	0.6639	49.9806	17.7971	23.6574	0.2123	0.6087	0.5011
C40M18	1.3378	0.4833	0.3587	2.9300	2.2855	1.1997	41.4167	87.3530	40.9378	0.3125	0.7235	0.7031
C51M18	1.1260	0.5610	0.3625	1.8455	1.9322	0.9678	21.8413	66.0555	23.9001	0.3128	0.7408	0.7199
C05M20	2.5051	0.1558	0.3061	28.0268	1.9610	14.1289	24.2212	165.1808	44.6803	0.1332	0.4331	0.3177
C07M20	1.3264	0.2691	0.2395	3.9948	1.5921	6.0604	128.3783	72.0110	27.8758	0.1203	0.4274	0.3542
C19M20	0.8626	0.3657	0.2717	2.6835	1.1008	4.1625	9.0680	20.6716	24.0988	0.1712	0.5853	0.4064
C38M20	1.7796	0.5117	0.2861	5.6400	2.3377	12.9289	33.8966	57.4374	67.0257	0.3350	0.8461	0.6444
C39M20	0.9532	0.3603	0.2863	3.3252	1.1679	6.3122	36.5789	28.5215	32.7513	0.1815	0.6294	0.4041
C40M20	5.5706	0.5109	0.3746	16.4950	7.0189	45.6335	105.2604	495.4436	277.1888	0.3535	0.8386	0.7221
C51M20	1.6038	0.3411	0.3224	3.6928	2.0007	5.5486	17.2896	92.7937	27.0646	0.1357	0.5112	0.4082
C19M22	724.3786	0.8499	0.1695	7680.3468	1278.9756	1717.0589	255714.1305	72302.8983	71997.9996	0.8111	0.9683	0.8822
C28M22	450.2729	0.8209	0.1614	4844.0687	764.4734	1434.0048	134680.1566	44918.2008	44487.5200	0.8001	0.9713	0.8949
C38M22	581.8378	0.8517	0.1259	6074.6599	1000.5410	1548.7332	147643.3045	58120.9832	57863.1094	0.8238	0.9780	0.8935
C39M22	815.7712	0.7915	0.1432	8191.9025	1382.2484	2467.2216	223075.3738	81424.8067	80173.3003	0.7680	0.9807	0.8638
C40M22	3428.2505	0.6752	0.1317	31286.7801	5954.6324	6792.4168	979074.3238	342703.3041	341557.0906	0.8136	0.9669	0.8911
C05M29	0.3947	0.1459	0.2438	0.7907	0.3493	1.3056	12.8624	16.4150	7.2713	0.0602	0.1672	0.1820
C07M29	1.1294	0.1130	0.1943	0.3501	0.3538	0.7130	910.5904	87.0106	79.0205	0.0949	0.2513	0.2410
C19M29	0.2731	0.1655	0.2045	0.2658	0.2470	0.9443	9.2662	8.0122	3.8013	0.0712	0.1854	0.1962
C28M29	0.6081	0.1511	0.1742	0.3106	0.3130	10.7629	55.7936	39.4933	19.4699	0.1083	0.2719	0.2547
C31M29	0.4708	0.2341	0.3041	0.3390	0.3179	3.5613	18.0755	23.2624	11.1628	0.1333	0.2979	0.3189
C38M29	0.6389	0.1225	0.2388	0.2739	0.2813	9.9458	228.6651	43.7167	33.1125	0.0895	0.2102	0.2209
C39M29	0.4244	0.1208	0.1891	0.3205	0.3141	1.0280	111.8433	19.1151	14.4706	0.0682	0.1740	0.1874
C40M29	0.3257	0.1675	0.1896	0.2648	0.2412	2.4044	37.5374	13.8241	9.1876	0.0832	0.2124	0.2250
C51M29	0.5554	0.2272	0.1979	0.4887	0.3804	2.7969	83.9526	31.0795	16.1519	0.1474	0.3390	0.3373
